3 0.5680317040951122 0.356010568031704 0.2351387054161162 0.27080581241743734
3 0.3513870541611624 0.3837516512549535 0.20079260237780697 0.2443857331571994
3 0.29194187582562753 0.5832232496697496 0.1822985468956409 0.20211360634081976
3 0.4782034346103039 0.5719947159841481 0.1902245706737121 0.23249669749009252
3 0.6723910171730515 0.5759577278731821 0.19815059445178243 0.2166446499339499
3 0.7978863936591807 0.7721268163804491 0.22721268163804592 0.2787318361955088
3 0.5845442536327612 0.7859973579920738 0.20739762219286628 0.2430647291941872
3 0.38177014531043596 0.7846763540290618 0.19550858652575984 0.2694848084544251
3 0.18163804491413463 0.7866578599735814 0.2073976221928664 0.27873183619550923
1 0.4570673712021136 0.15521796565389695 0.21664464993394966 0.23645970937912814
